1;PLANE;   4;-0.065;-0.769;0.937;0.246;90.103;89.777;;-0.060;0.120
1;CIRCLE;   4;-11.100;0.101;0.144;180.000;90.000;90.000;;11.305;0.002
2;CIRCLE;   4;-10.817;15.008;-0.019;180.000;90.000;90.000;;3.228;0.001
1;PT-COMP;   1;-10.327;2.501;74.048
2;PT-COMP;   1;-63.667;-3.138;71.677
3;PT-COMP;   1;-66.143;-3.127;71.389
1;DISTANCE;;2.477;-0.011;0.000;;;;;2.477
4;PT-COMP;   1;-82.839;-3.556;69.202
2;DISTANCE;;72.512;6.057;0.000;;;;;72.765
5;PT-COMP;   1;-66.141;-3.052;72.003
6;PT-COMP;   1;-65.131;-3.073;70.183
3;DISTANCE;;-1.010;0.021;0.000;;;;;1.010
7;PT-COMP;   1;-57.831;0.027;71.989
4;DISTANCE;;-25.009;-3.583;0.000;;;;;25.264
2;PLANE;   4;-24.047;1.019;-1.837;179.782;90.009;89.782;;24.040;0.002
1;CONE;   8;-11.021;-0.044;-0.001;0.240;89.970;90.238;;14.976;0.001
3;INT-CIRCLE;    ;0.000;-0.038;-0.047;0.240;89.970;90.238;;54.439
4;INT-CIRCLE;    ;-24.040;-0.051;0.053;0.240;89.970;90.238;;41.578
